GameObject 352 288 11 9
GameObject 384 288 12 9
GameObject 416 288 13 9
GameObject 448 288 14 9
Belt 192 416 6 13 1 0 1 0
Belt 224 416 7 13 1 0 1 0
Belt 256 416 8 13 1 0 1 0
Belt 288 416 9 13 1 0 1 0
Belt 320 416 10 13 1 0 1 0
Belt 352 448 11 14 0 1 0 1
Belt 352 480 11 15 0 1 0 1
Belt 352 512 11 16 0 1 0 1
Belt 352 544 11 17 0 1 0 1
Belt 160 544 5 17 0 -1 0 -1
Belt 160 512 5 16 0 -1 0 -1
Belt 160 480 5 15 0 -1 0 -1
Belt 160 448 5 14 0 -1 0 -1
Belt 160 416 5 13 0 -1 1 0
Belt 352 416 11 13 1 0 0 1
Belt 352 576 11 18 0 1 0 1
Belt 320 608 10 19 -1 0 -1 0
Belt 288 608 9 19 -1 0 -1 0
Belt 256 608 8 19 -1 0 -1 0
Belt 224 608 7 19 -1 0 -1 0
Belt 192 608 6 19 -1 0 -1 0
Belt 160 576 5 18 0 -1 0 -1
Belt 352 608 11 19 0 1 -1 0
Belt 160 608 5 19 -1 0 0 -1